From file: 040219  
Ser;Meas;Sal.;Temp;Density;Depth;Date;Time;;
18;3742;30.48;29.141;18.632;0.30;04/02/2019;10:04:14
18;3743;30.48;29.159;18.626;0.31;04/02/2019;10:04:15
18;3744;30.50;29.159;18.641;0.33;04/02/2019;10:04:16
18;3745;30.48;29.165;18.624;0.32;04/02/2019;10:04:17
18;3746;30.47;29.166;18.616;0.30;04/02/2019;10:04:18
18;3747;30.49;29.172;18.629;0.33;04/02/2019;10:04:19
18;3748;30.48;29.176;18.620;0.31;04/02/2019;10:04:20
18;3749;30.46;29.182;18.603;0.31;04/02/2019;10:04:21
18;3750;30.47;29.185;18.610;0.33;04/02/2019;10:04:22
18;3751;30.45;29.175;18.598;0.32;04/02/2019;10:04:23
18;3752;30.45;29.178;18.597;0.32;04/02/2019;10:04:24
18;3753;30.45;29.179;18.597;0.31;04/02/2019;10:04:25
18;3754;30.46;29.177;18.605;0.32;04/02/2019;10:04:26
18;3755;30.47;29.174;18.613;0.30;04/02/2019;10:04:27
18;3756;30.47;29.176;18.613;0.32;04/02/2019;10:04:28
18;3757;30.46;29.175;18.606;0.32;04/02/2019;10:04:29
18;3758;30.48;29.176;18.620;0.32;04/02/2019;10:04:30
18;3759;30.46;29.177;18.605;0.32;04/02/2019;10:04:31
18;3760;30.46;29.175;18.606;0.31;04/02/2019;10:04:32
18;3761;30.47;29.168;18.615;0.31;04/02/2019;10:04:33
18;3762;30.47;29.170;18.615;0.32;04/02/2019;10:04:34
18;3763;30.47;29.174;18.613;0.30;04/02/2019;10:04:35
18;3764;30.45;29.179;18.597;0.32;04/02/2019;10:04:36
18;3765;30.47;29.181;18.611;0.31;04/02/2019;10:04:37
18;3766;30.47;29.184;18.610;0.33;04/02/2019;10:04:38
18;3767;30.47;29.181;18.611;0.31;04/02/2019;10:04:39
18;3768;30.46;29.187;18.602;0.31;04/02/2019;10:04:40
18;3769;30.47;29.182;18.611;0.32;04/02/2019;10:04:41
18;3770;30.46;29.190;18.601;0.31;04/02/2019;10:04:42
18;3771;30.45;29.187;18.594;0.32;04/02/2019;10:04:43
18;3772;30.46;29.188;18.601;0.30;04/02/2019;10:04:44
18;3773;30.46;29.182;18.603;0.31;04/02/2019;10:04:45
18;3774;30.46;29.177;18.605;0.31;04/02/2019;10:04:46
18;3775;30.46;29.173;18.606;0.33;04/02/2019;10:04:47
18;3776;30.46;29.171;18.607;0.31;04/02/2019;10:04:48
18;3777;30.47;29.173;18.614;0.32;04/02/2019;10:04:49
18;3778;30.47;29.168;18.615;0.32;04/02/2019;10:04:50
18;3779;30.46;29.169;18.608;0.31;04/02/2019;10:04:51
18;3780;30.46;29.171;18.607;0.30;04/02/2019;10:04:52
18;3781;30.46;29.168;18.608;0.33;04/02/2019;10:04:53
18;3782;30.44;29.162;18.595;0.32;04/02/2019;10:04:54
18;3783;30.44;29.155;18.597;0.33;04/02/2019;10:04:55
18;3784;30.45;29.159;18.603;0.33;04/02/2019;10:04:56
18;3785;30.44;29.156;18.597;0.31;04/02/2019;10:04:57
18;3786;30.46;29.156;18.612;0.33;04/02/2019;10:04:58
18;3787;30.46;29.150;18.614;0.31;04/02/2019;10:04:59
18;3788;30.45;29.156;18.604;0.31;04/02/2019;10:05:00
18;3789;30.46;29.148;18.615;0.31;04/02/2019;10:05:01
18;3790;30.46;29.151;18.614;0.33;04/02/2019;10:05:02
18;3791;30.45;29.147;18.607;0.31;04/02/2019;10:05:03
18;3792;30.45;29.152;18.606;0.32;04/02/2019;10:05:04
18;3793;30.47;29.144;18.623;0.32;04/02/2019;10:05:05
18;3794;30.46;29.145;18.615;0.30;04/02/2019;10:05:06
18;3795;30.46;29.150;18.614;0.33;04/02/2019;10:05:07
18;3796;30.47;29.151;18.621;0.30;04/02/2019;10:05:08
18;3797;30.47;29.149;18.622;0.32;04/02/2019;10:05:09
18;3798;30.47;29.152;18.621;0.31;04/02/2019;10:05:10
18;3799;30.47;29.151;18.621;0.31;04/02/2019;10:05:11
18;3800;30.47;29.155;18.620;0.31;04/02/2019;10:05:12
18;3801;30.48;29.152;18.628;0.30;04/02/2019;10:05:13
18;3802;30.46;29.162;18.610;0.32;04/02/2019;10:05:14
18;3803;30.47;29.163;18.617;0.31;04/02/2019;10:05:15
18;3804;30.46;29.157;18.612;0.32;04/02/2019;10:05:16
18;3805;30.47;29.158;18.619;0.31;04/02/2019;10:05:17
18;3806;30.46;29.156;18.612;0.31;04/02/2019;10:05:18
18;3807;30.46;29.153;18.613;0.31;04/02/2019;10:05:19
18;3808;30.45;29.154;18.605;0.33;04/02/2019;10:05:20
18;3809;30.45;29.150;18.606;0.31;04/02/2019;10:05:21
18;3810;30.47;29.150;18.621;0.32;04/02/2019;10:05:22
18;3811;30.47;29.152;18.621;0.29;04/02/2019;10:05:23
18;3812;30.46;29.154;18.613;0.33;04/02/2019;10:05:24
18;3813;30.85;29.150;18.907;0.48;04/02/2019;10:05:25
18;3814;30.86;29.150;18.915;0.73;04/02/2019;10:05:26
18;3815;30.86;29.148;18.916;0.69;04/02/2019;10:05:27
18;3816;30.86;29.149;18.916;0.74;04/02/2019;10:05:28
18;3817;30.86;29.144;18.918;0.84;04/02/2019;10:05:29
18;3818;30.86;29.141;18.919;0.98;04/02/2019;10:05:30
18;3819;30.86;29.135;18.922;1.10;04/02/2019;10:05:31
18;3820;30.86;29.135;18.922;1.09;04/02/2019;10:05:32
18;3821;30.86;29.130;18.923;1.10;04/02/2019;10:05:33
18;3822;30.87;29.127;18.932;1.16;04/02/2019;10:05:34
18;3823;30.88;29.126;18.941;1.33;04/02/2019;10:05:35
18;3824;30.87;29.127;18.933;1.41;04/02/2019;10:05:36
18;3825;30.87;29.121;18.935;1.41;04/02/2019;10:05:37
18;3826;30.88;29.122;18.943;1.46;04/02/2019;10:05:38
18;3827;30.88;29.121;18.944;1.61;04/02/2019;10:05:39
18;3828;30.89;29.121;18.952;1.73;04/02/2019;10:05:40
18;3829;30.88;29.119;18.945;1.77;04/02/2019;10:05:41
18;3830;30.87;29.117;18.938;1.78;04/02/2019;10:05:42
18;3831;30.88;29.119;18.945;1.79;04/02/2019;10:05:43
18;3832;30.88;29.121;18.944;1.80;04/02/2019;10:05:44
18;3833;30.87;29.118;18.938;1.93;04/02/2019;10:05:45
18;3834;30.87;29.115;18.940;2.10;04/02/2019;10:05:46
18;3835;30.87;29.111;18.942;2.12;04/02/2019;10:05:47
18;3836;30.88;29.108;18.950;2.20;04/02/2019;10:05:48
18;3837;30.87;29.103;18.945;2.38;04/02/2019;10:05:49
18;3838;30.88;29.096;18.956;2.52;04/02/2019;10:05:50
18;3839;30.88;29.100;18.954;2.53;04/02/2019;10:05:51
18;3840;30.88;29.100;18.955;2.58;04/02/2019;10:05:52
18;3841;30.89;29.097;18.964;2.70;04/02/2019;10:05:53
18;3842;30.89;29.090;18.967;2.86;04/02/2019;10:05:54
18;3843;30.90;29.082;18.977;2.91;04/02/2019;10:05:55
18;3844;30.90;29.081;18.977;2.92;04/02/2019;10:05:56
18;3845;30.90;29.084;18.976;2.95;04/02/2019;10:05:57
18;3846;30.88;29.087;18.960;2.94;04/02/2019;10:05:58
18;3847;30.90;29.088;18.975;3.01;04/02/2019;10:05:59
18;3848;30.91;29.080;18.986;3.20;04/02/2019;10:06:00
18;3849;30.89;29.077;18.973;3.37;04/02/2019;10:06:01
18;3850;30.91;29.079;18.988;3.40;04/02/2019;10:06:02
18;3851;30.90;29.081;18.980;3.48;04/02/2019;10:06:03
18;3852;30.90;29.079;18.981;3.61;04/02/2019;10:06:04
18;3853;30.90;29.080;18.981;3.64;04/02/2019;10:06:05
18;3854;30.90;29.080;18.981;3.63;04/02/2019;10:06:06
18;3855;30.91;29.078;18.989;3.64;04/02/2019;10:06:07
18;3856;30.91;29.076;18.990;3.64;04/02/2019;10:06:08
18;3857;30.90;29.077;18.982;3.61;04/02/2019;10:06:09
18;3858;31.00;29.073;19.057;3.46;04/02/2019;10:06:10
18;3859;31.01;29.077;19.063;3.28;04/02/2019;10:06:11
18;3860;31.00;29.080;19.054;3.23;04/02/2019;10:06:12
18;3861;31.00;29.075;19.055;3.11;04/02/2019;10:06:13
18;3862;31.00;29.072;19.055;2.96;04/02/2019;10:06:14
18;3863;31.00;29.076;19.054;2.89;04/02/2019;10:06:15
18;3864;31.00;29.076;19.053;2.76;04/02/2019;10:06:16
18;3865;31.01;29.075;19.061;2.74;04/02/2019;10:06:17
18;3866;31.00;29.071;19.054;2.63;04/02/2019;10:06:18
18;3867;31.00;29.068;19.054;2.44;04/02/2019;10:06:19
18;3868;31.01;29.065;19.063;2.39;04/02/2019;10:06:20
18;3869;31.01;29.065;19.062;2.21;04/02/2019;10:06:21
18;3870;31.01;29.068;19.061;2.21;04/02/2019;10:06:22
18;3871;31.00;29.070;19.052;2.12;04/02/2019;10:06:23
18;3872;31.01;29.069;19.059;1.88;04/02/2019;10:06:24
18;3873;31.01;29.066;19.060;1.77;04/02/2019;10:06:25
18;3874;31.00;29.072;19.050;1.68;04/02/2019;10:06:26
18;3875;31.00;29.082;19.046;1.60;04/02/2019;10:06:27
18;3876;31.00;29.084;19.045;1.36;04/02/2019;10:06:28
18;3877;30.99;29.088;19.035;1.29;04/02/2019;10:06:29
18;3878;30.99;29.087;19.035;1.10;04/02/2019;10:06:30
18;3879;31.00;29.085;19.043;1.04;04/02/2019;10:06:31
18;3880;31.00;29.088;19.041;0.81;04/02/2019;10:06:32
18;3881;30.99;29.093;19.031;0.72;04/02/2019;10:06:33
18;3882;30.97;29.098;19.014;0.54;04/02/2019;10:06:34
18;3883;30.98;29.097;19.021;0.41;04/02/2019;10:06:35
18;3884;30.98;29.098;19.020;0.27;04/02/2019;10:06:36
18;3885;30.98;29.101;19.019;0.26;04/02/2019;10:06:37
