From file: 040219  
Ser;Meas;Sal.;Temp;Density;Depth;Date;Time;;
24;4858;31.70;28.896;19.626;0.21;04/02/2019;12:29:47
24;4859;31.70;28.906;19.623;0.18;04/02/2019;12:29:48
24;4860;31.70;28.906;19.623;0.19;04/02/2019;12:29:49
24;4861;31.70;28.906;19.623;0.19;04/02/2019;12:29:50
24;4862;31.71;28.900;19.632;0.19;04/02/2019;12:29:51
24;4863;31.70;28.910;19.621;0.18;04/02/2019;12:29:52
24;4864;31.69;28.909;19.614;0.18;04/02/2019;12:29:53
24;4865;31.70;28.909;19.622;0.18;04/02/2019;12:29:54
24;4866;31.69;28.907;19.615;0.18;04/02/2019;12:29:55
24;4867;31.68;28.904;19.608;0.19;04/02/2019;12:29:56
24;4868;31.68;28.909;19.607;0.19;04/02/2019;12:29:57
24;4869;31.69;28.909;19.614;0.20;04/02/2019;12:29:58
24;4870;31.69;28.907;19.615;0.18;04/02/2019;12:29:59
24;4871;31.68;28.907;19.607;0.19;04/02/2019;12:30:00
24;4872;31.69;28.903;19.616;0.18;04/02/2019;12:30:01
24;4873;31.68;28.911;19.606;0.18;04/02/2019;12:30:02
24;4874;31.69;28.906;19.615;0.18;04/02/2019;12:30:03
24;4875;31.69;28.908;19.615;0.18;04/02/2019;12:30:04
24;4876;31.71;28.905;19.631;0.18;04/02/2019;12:30:05
24;4877;31.70;28.906;19.623;0.18;04/02/2019;12:30:06
24;4878;31.69;28.905;19.616;0.18;04/02/2019;12:30:07
24;4879;31.68;28.912;19.606;0.18;04/02/2019;12:30:08
24;4880;31.70;28.911;19.621;0.18;04/02/2019;12:30:09
24;4881;31.69;28.908;19.615;0.18;04/02/2019;12:30:10
24;4882;31.68;28.911;19.606;0.19;04/02/2019;12:30:11
24;4883;31.68;28.913;19.605;0.17;04/02/2019;12:30:12
24;4884;31.68;28.917;19.604;0.18;04/02/2019;12:30:13
24;4885;31.68;28.917;19.604;0.18;04/02/2019;12:30:14
24;4886;31.70;28.913;19.620;0.19;04/02/2019;12:30:15
24;4887;31.69;28.903;19.616;0.19;04/02/2019;12:30:16
24;4888;31.71;28.903;19.631;0.19;04/02/2019;12:30:17
24;4889;31.70;28.900;19.625;0.17;04/02/2019;12:30:18
24;4890;31.71;28.902;19.632;0.20;04/02/2019;12:30:19
24;4891;31.69;28.899;19.618;0.18;04/02/2019;12:30:20
24;4892;31.70;28.899;19.625;0.18;04/02/2019;12:30:21
24;4893;31.70;28.900;19.625;0.17;04/02/2019;12:30:22
24;4894;31.71;28.903;19.631;0.19;04/02/2019;12:30:23
24;4895;31.70;28.908;19.622;0.19;04/02/2019;12:30:24
24;4896;31.70;28.909;19.622;0.17;04/02/2019;12:30:25
24;4897;31.69;28.906;19.615;0.19;04/02/2019;12:30:26
24;4898;31.70;28.907;19.622;0.20;04/02/2019;12:30:27
24;4899;31.70;28.909;19.622;0.19;04/02/2019;12:30:28
24;4900;31.69;28.903;19.616;0.21;04/02/2019;12:30:29
24;4901;31.70;28.904;19.624;0.21;04/02/2019;12:30:30
24;4902;31.71;28.907;19.630;0.20;04/02/2019;12:30:31
24;4903;31.70;28.911;19.621;0.21;04/02/2019;12:30:32
24;4904;31.70;28.908;19.622;0.19;04/02/2019;12:30:33
24;4905;31.70;28.911;19.621;0.20;04/02/2019;12:30:34
24;4906;31.70;28.913;19.620;0.20;04/02/2019;12:30:35
24;4907;31.69;28.910;19.614;0.20;04/02/2019;12:30:36
24;4908;31.70;28.907;19.623;0.21;04/02/2019;12:30:37
24;4909;31.71;28.908;19.630;0.19;04/02/2019;12:30:38
24;4910;31.71;28.906;19.630;0.18;04/02/2019;12:30:39
24;4911;31.71;28.902;19.632;0.23;04/02/2019;12:30:40
24;4912;31.71;28.908;19.630;0.19;04/02/2019;12:30:41
24;4913;31.70;28.906;19.623;0.19;04/02/2019;12:30:42
24;4914;31.71;28.905;19.631;0.21;04/02/2019;12:30:43
24;4915;31.71;28.900;19.632;0.20;04/02/2019;12:30:44
24;4916;31.72;28.894;19.642;0.23;04/02/2019;12:30:45
24;4917;31.71;28.894;19.634;0.20;04/02/2019;12:30:46
24;4918;31.72;28.901;19.639;0.19;04/02/2019;12:30:47
24;4919;31.72;28.895;19.641;0.21;04/02/2019;12:30:48
24;4920;31.71;28.899;19.633;0.20;04/02/2019;12:30:49
24;4921;31.71;28.900;19.632;0.19;04/02/2019;12:30:50
24;4922;31.71;28.902;19.632;0.22;04/02/2019;12:30:51
24;4923;31.71;28.903;19.631;0.19;04/02/2019;12:30:52
24;4924;31.72;28.902;19.639;0.20;04/02/2019;12:30:53
24;4925;31.72;28.898;19.640;0.20;04/02/2019;12:30:54
24;4926;31.72;28.895;19.641;0.18;04/02/2019;12:30:55
24;4927;31.72;28.890;19.643;0.21;04/02/2019;12:30:56
24;4928;31.72;28.886;19.644;0.21;04/02/2019;12:30:57
24;4929;31.72;28.895;19.641;0.21;04/02/2019;12:30:58
24;4930;31.71;28.900;19.632;0.21;04/02/2019;12:30:59
24;4931;31.71;28.900;19.632;0.21;04/02/2019;12:31:00
24;4932;31.71;28.899;19.633;0.20;04/02/2019;12:31:01
24;4933;31.70;28.899;19.625;0.20;04/02/2019;12:31:02
24;4934;31.72;28.895;19.641;0.20;04/02/2019;12:31:03
24;4935;31.72;28.902;19.639;0.20;04/02/2019;12:31:04
24;4936;31.72;28.902;19.639;0.19;04/02/2019;12:31:05
24;4937;31.72;28.901;19.639;0.20;04/02/2019;12:31:06
24;4938;31.72;28.901;19.639;0.20;04/02/2019;12:31:07
24;4939;31.72;28.896;19.641;0.18;04/02/2019;12:31:08
24;4940;31.72;28.896;19.641;0.19;04/02/2019;12:31:09
24;4941;31.72;28.892;19.642;0.21;04/02/2019;12:31:10
24;4942;31.72;28.897;19.641;0.19;04/02/2019;12:31:11
24;4943;31.72;28.895;19.641;0.20;04/02/2019;12:31:12
24;4944;31.73;28.893;19.650;0.20;04/02/2019;12:31:13
24;4945;31.72;28.895;19.641;0.20;04/02/2019;12:31:14
24;4946;31.72;28.897;19.641;0.20;04/02/2019;12:31:15
24;4947;31.71;28.898;19.633;0.19;04/02/2019;12:31:16
24;4948;31.72;28.901;19.639;0.19;04/02/2019;12:31:17
24;4949;31.71;28.905;19.631;0.20;04/02/2019;12:31:18
24;4950;31.72;28.902;19.639;0.21;04/02/2019;12:31:19
24;4951;31.72;28.896;19.641;0.20;04/02/2019;12:31:20
24;4952;31.71;28.896;19.634;0.21;04/02/2019;12:31:21
24;4953;31.72;28.887;19.644;0.20;04/02/2019;12:31:22
24;4954;31.72;28.893;19.642;0.21;04/02/2019;12:31:23
24;4955;31.72;28.889;19.643;0.20;04/02/2019;12:31:24
24;4956;31.73;28.883;19.653;0.20;04/02/2019;12:31:25
24;4957;31.73;28.883;19.653;0.22;04/02/2019;12:31:26
24;4958;31.72;28.890;19.643;0.19;04/02/2019;12:31:27
24;4959;31.72;28.890;19.643;0.19;04/02/2019;12:31:28
24;4960;31.72;28.898;19.641;0.22;04/02/2019;12:31:29
24;4961;31.73;28.906;19.645;0.22;04/02/2019;12:31:30
24;4962;31.72;28.909;19.637;0.20;04/02/2019;12:31:31
24;4963;31.72;28.913;19.635;0.20;04/02/2019;12:31:32
24;4964;31.71;28.910;19.629;0.21;04/02/2019;12:31:33
24;4965;31.71;28.905;19.631;0.21;04/02/2019;12:31:34
24;4966;31.72;28.901;19.639;0.20;04/02/2019;12:31:35
24;4967;31.72;28.902;19.639;0.21;04/02/2019;12:31:36
24;4968;31.71;28.908;19.630;0.18;04/02/2019;12:31:37
24;4969;31.73;28.910;19.644;0.21;04/02/2019;12:31:38
24;4970;31.72;28.908;19.637;0.21;04/02/2019;12:31:39
24;4971;31.73;28.905;19.646;0.19;04/02/2019;12:31:40
24;4972;31.71;28.904;19.631;0.20;04/02/2019;12:31:41
24;4973;31.72;28.896;19.641;0.21;04/02/2019;12:31:42
24;4974;31.72;28.906;19.638;0.22;04/02/2019;12:31:43
24;4975;31.72;28.906;19.638;0.21;04/02/2019;12:31:44
24;4976;31.71;28.906;19.630;0.20;04/02/2019;12:31:45
24;4977;31.73;28.899;19.648;0.19;04/02/2019;12:31:46
24;4978;31.73;28.899;19.648;0.22;04/02/2019;12:31:47
24;4979;31.73;28.892;19.650;0.32;04/02/2019;12:31:48
24;4980;2.74;28.885;-1.967;0.00;04/02/2019;12:31:49
24;4981;31.72;28.895;19.641;0.12;04/02/2019;12:31:50
24;4982;31.73;28.887;19.652;0.37;04/02/2019;12:31:51
24;4983;31.75;28.881;19.670;0.52;04/02/2019;12:31:52
24;4984;31.73;28.874;19.658;0.66;04/02/2019;12:31:53
24;4985;31.74;28.870;19.667;0.83;04/02/2019;12:31:54
24;4986;31.74;28.867;19.669;0.98;04/02/2019;12:31:55
24;4987;31.75;28.868;19.677;1.10;04/02/2019;12:31:56
24;4988;31.74;28.866;19.670;1.25;04/02/2019;12:31:57
24;4989;31.75;28.865;19.679;1.35;04/02/2019;12:31:58
24;4990;31.76;28.863;19.688;1.52;04/02/2019;12:31:59
24;4991;31.76;28.862;19.689;1.71;04/02/2019;12:32:00
24;4992;31.75;28.863;19.681;1.81;04/02/2019;12:32:01
24;4993;31.74;28.862;19.675;2.05;04/02/2019;12:32:02
24;4994;31.73;28.860;19.669;2.19;04/02/2019;12:32:03
24;4995;31.74;28.857;19.678;2.35;04/02/2019;12:32:04
24;4996;31.75;28.856;19.687;2.50;04/02/2019;12:32:05
24;4997;31.75;28.855;19.688;2.69;04/02/2019;12:32:06
24;4998;31.73;28.857;19.673;2.85;04/02/2019;12:32:07
24;4999;31.75;28.856;19.689;3.02;04/02/2019;12:32:08
24;5000;31.75;28.854;19.690;3.18;04/02/2019;12:32:09
24;5001;31.73;28.852;19.676;3.29;04/02/2019;12:32:10
24;5002;31.75;28.853;19.692;3.43;04/02/2019;12:32:11
24;5003;31.74;28.854;19.684;3.58;04/02/2019;12:32:12
24;5004;31.75;28.856;19.692;3.70;04/02/2019;12:32:13
24;5005;31.74;28.855;19.685;3.81;04/02/2019;12:32:14
24;5006;31.75;28.854;19.693;3.92;04/02/2019;12:32:15
24;5007;31.74;28.849;19.688;4.11;04/02/2019;12:32:16
24;5008;31.75;28.850;19.696;4.20;04/02/2019;12:32:17
24;5009;31.75;28.852;19.696;4.29;04/02/2019;12:32:18
24;5010;31.75;28.850;19.697;4.40;04/02/2019;12:32:19
24;5011;31.75;28.848;19.698;4.57;04/02/2019;12:32:20
24;5012;31.74;28.849;19.691;4.69;04/02/2019;12:32:21
24;5013;31.75;28.851;19.698;4.79;04/02/2019;12:32:22
24;5014;31.75;28.851;19.698;4.82;04/02/2019;12:32:23
24;5015;31.76;28.852;19.705;4.83;04/02/2019;12:32:24
24;5016;31.76;28.851;19.706;4.83;04/02/2019;12:32:25
24;5017;31.76;28.849;19.706;4.83;04/02/2019;12:32:26
24;5018;31.76;28.849;19.706;4.84;04/02/2019;12:32:27
24;5019;31.76;28.848;19.707;4.90;04/02/2019;12:32:28
24;5020;31.77;28.847;19.715;4.93;04/02/2019;12:32:29
24;5021;31.77;28.846;19.716;4.99;04/02/2019;12:32:30
24;5022;31.76;28.847;19.707;4.77;04/02/2019;12:32:31
24;5023;31.76;28.846;19.706;4.59;04/02/2019;12:32:32
24;5024;31.75;28.845;19.699;4.48;04/02/2019;12:32:33
24;5025;31.75;28.847;19.697;4.33;04/02/2019;12:32:34
24;5026;31.75;28.848;19.697;4.21;04/02/2019;12:32:35
24;5027;31.76;28.848;19.704;4.08;04/02/2019;12:32:36
24;5028;31.75;28.848;19.696;4.01;04/02/2019;12:32:37
24;5029;31.75;28.849;19.695;3.89;04/02/2019;12:32:38
24;5030;31.76;28.852;19.701;3.76;04/02/2019;12:32:39
24;5031;31.75;28.850;19.693;3.62;04/02/2019;12:32:40
24;5032;31.76;28.852;19.700;3.50;04/02/2019;12:32:41
24;5033;31.77;28.852;19.707;3.40;04/02/2019;12:32:42
24;5034;31.77;28.853;19.706;3.27;04/02/2019;12:32:43
24;5035;31.77;28.852;19.706;3.10;04/02/2019;12:32:44
24;5036;31.77;28.854;19.704;2.98;04/02/2019;12:32:45
24;5037;31.77;28.855;19.704;2.88;04/02/2019;12:32:46
24;5038;31.76;28.853;19.696;2.77;04/02/2019;12:32:47
24;5039;31.76;28.854;19.695;2.62;04/02/2019;12:32:48
24;5040;31.75;28.858;19.686;2.52;04/02/2019;12:32:49
24;5041;31.76;28.859;19.693;2.44;04/02/2019;12:32:50
24;5042;31.76;28.863;19.691;2.33;04/02/2019;12:32:51
24;5043;31.75;28.864;19.683;2.22;04/02/2019;12:32:52
24;5044;31.76;28.866;19.689;2.04;04/02/2019;12:32:53
24;5045;31.76;28.866;19.688;1.95;04/02/2019;12:32:54
24;5046;31.75;28.867;19.680;1.84;04/02/2019;12:32:55
24;5047;31.75;28.868;19.680;1.77;04/02/2019;12:32:56
24;5048;31.75;28.868;19.679;1.63;04/02/2019;12:32:57
24;5049;31.76;28.867;19.686;1.49;04/02/2019;12:32:58
24;5050;31.76;28.866;19.686;1.36;04/02/2019;12:32:59
24;5051;31.76;28.869;19.684;1.21;04/02/2019;12:33:00
24;5052;31.76;28.873;19.683;1.15;04/02/2019;12:33:01
24;5053;31.75;28.875;19.674;0.99;04/02/2019;12:33:02
24;5054;31.76;28.874;19.681;0.88;04/02/2019;12:33:03
24;5055;31.75;28.878;19.672;0.76;04/02/2019;12:33:04
24;5056;31.76;28.880;19.678;0.59;04/02/2019;12:33:05
24;5057;31.74;28.882;19.662;0.50;04/02/2019;12:33:06
24;5058;31.74;28.885;19.660;0.34;04/02/2019;12:33:07
