From file: inhambane 180717
Ser;Meas;Sal.;Temp;Density;S. vel.;Press;Date;Time;;
71;13481;32.58;22.68;22.434;1523.60;0.00;18/07/2017;16:06:20
71;13481;32.57;22.68;22.434;1523.60;0.08;18/07/2017;16:06:21
71;13482;32.36;22.69;22.078;1525.24;0.15;18/07/2017;16:06:22
71;13483;32.32;22.71;21.987;1525.75;0.15;18/07/2017;16:06:23
71;13484;32.25;22.77;21.916;1525.85;0.14;18/07/2017;16:06:24
71;13485;31.73;22.77;21.523;1525.26;0.06;18/07/2017;16:06:25
71;13486;32.26;22.74;21.933;1525.78;0.14;18/07/2017;16:06:26
71;13487;32.29;22.75;21.953;1525.83;0.17;18/07/2017;16:06:27
71;13488;32.28;22.75;21.944;1525.83;0.27;18/07/2017;16:06:28
71;13489;32.25;22.75;21.922;1525.80;0.30;18/07/2017;16:06:29
71;13490;32.25;22.76;21.920;1525.82;0.30;18/07/2017;16:06:30
71;13491;32.31;22.76;21.966;1525.88;0.25;18/07/2017;16:06:31
71;13492;32.33;22.73;21.989;1525.84;0.37;18/07/2017;16:06:32
71;13493;32.31;22.74;21.972;1525.83;0.45;18/07/2017;16:06:33
71;13494;32.28;22.75;21.946;1525.84;0.55;18/07/2017;16:06:34
71;13495;32.24;22.78;21.909;1525.86;0.57;18/07/2017;16:06:35
71;13496;32.28;22.80;21.932;1525.97;0.58;18/07/2017;16:06:36
71;13497;32.28;22.80;21.935;1525.95;0.64;18/07/2017;16:06:37
71;13498;32.27;22.78;21.930;1525.91;0.71;18/07/2017;16:06:38
71;13499;32.28;22.76;21.946;1525.86;0.84;18/07/2017;16:06:39
71;13500;32.29;22.78;21.949;1525.92;0.88;18/07/2017;16:06:40
71;13501;32.29;22.78;21.947;1525.93;0.91;18/07/2017;16:06:41
71;13502;32.27;22.78;21.932;1525.92;0.91;18/07/2017;16:06:42
71;13503;32.27;22.79;21.931;1525.92;0.92;18/07/2017;16:06:43
71;13504;32.30;22.77;21.958;1525.92;0.97;18/07/2017;16:06:44
71;13505;32.32;22.76;21.978;1525.90;1.11;18/07/2017;16:06:45
71;13506;32.30;22.78;21.957;1525.93;1.19;18/07/2017;16:06:46
71;13507;32.31;22.77;21.966;1525.94;1.26;18/07/2017;16:06:47
71;13508;32.31;22.77;21.967;1525.94;1.35;18/07/2017;16:06:48
71;13509;32.31;22.77;21.967;1525.94;1.40;18/07/2017;16:06:49
71;13510;32.32;22.78;21.973;1525.96;1.44;18/07/2017;16:06:50
71;13511;32.30;22.78;21.958;1525.95;1.55;18/07/2017;16:06:51
71;13512;32.31;22.77;21.968;1525.94;1.64;18/07/2017;16:06:52
71;13513;32.31;22.78;21.967;1525.95;1.65;18/07/2017;16:06:53
71;13514;32.31;22.77;21.968;1525.95;1.71;18/07/2017;16:06:54
71;13515;32.34;22.78;21.990;1525.98;1.76;18/07/2017;16:06:55
71;13516;32.35;22.79;21.996;1526.02;1.90;18/07/2017;16:06:56
71;13517;32.33;22.81;21.975;1526.05;1.93;18/07/2017;16:06:57
71;13518;32.38;22.81;22.013;1526.11;1.96;18/07/2017;16:06:58
71;13519;32.37;22.82;22.003;1526.12;2.11;18/07/2017;16:06:59
71;13520;32.39;22.83;22.015;1526.19;2.19;18/07/2017;16:07:00
71;13521;32.43;22.86;22.037;1526.30;2.21;18/07/2017;16:07:01
71;13522;32.40;22.88;22.009;1526.33;2.33;18/07/2017;16:07:02
71;13523;32.40;22.91;22.002;1526.40;2.43;18/07/2017;16:07:03
71;13524;32.42;22.92;22.014;1526.45;2.44;18/07/2017;16:07:04
71;13525;32.41;22.92;22.006;1526.44;2.44;18/07/2017;16:07:05
71;13526;32.43;22.91;22.023;1526.44;2.43;18/07/2017;16:07:06
71;13527;32.42;22.91;22.015;1526.43;2.45;18/07/2017;16:07:07
71;13528;32.40;22.91;22.000;1526.42;2.45;18/07/2017;16:07:08
71;13529;32.39;22.91;21.994;1526.39;2.51;18/07/2017;16:07:09
71;13530;32.39;22.90;21.997;1526.37;2.61;18/07/2017;16:07:10
71;13531;32.40;22.90;22.005;1526.39;2.77;18/07/2017;16:07:11
71;13532;32.40;22.90;22.005;1526.39;2.78;18/07/2017;16:07:12
71;13533;32.40;22.90;22.005;1526.39;2.80;18/07/2017;16:07:13
71;13534;32.41;22.89;22.015;1526.38;2.94;18/07/2017;16:07:14
71;13535;32.39;22.89;22.002;1526.35;3.08;18/07/2017;16:07:15
71;13536;32.40;22.89;22.010;1526.35;3.09;18/07/2017;16:07:16
71;13537;32.40;22.88;22.013;1526.34;3.09;18/07/2017;16:07:17
71;13538;32.40;22.88;22.013;1526.34;3.19;18/07/2017;16:07:18
71;13539;32.40;22.88;22.012;1526.35;3.32;18/07/2017;16:07:19
71;13540;32.41;22.88;22.022;1526.35;3.39;18/07/2017;16:07:20
71;13541;32.41;22.88;22.020;1526.36;3.41;18/07/2017;16:07:21
71;13542;32.40;22.89;22.010;1526.38;3.41;18/07/2017;16:07:22
71;13543;32.43;22.89;22.034;1526.40;3.39;18/07/2017;16:07:23
71;13544;32.45;22.88;22.051;1526.41;3.45;18/07/2017;16:07:24
71;13545;32.41;22.88;22.021;1526.36;3.56;18/07/2017;16:07:25
71;13546;32.41;22.88;22.023;1526.35;3.65;18/07/2017;16:07:26
71;13547;32.42;22.88;22.029;1526.37;3.72;18/07/2017;16:07:27
71;13548;32.40;22.88;22.015;1526.36;3.72;18/07/2017;16:07:28
71;13549;32.43;22.88;22.039;1526.37;3.72;18/07/2017;16:07:29
71;13550;32.41;22.87;22.026;1526.33;3.80;18/07/2017;16:07:30
71;13551;32.41;22.86;22.028;1526.32;3.93;18/07/2017;16:07:31
71;13552;32.43;22.86;22.044;1526.34;4.00;18/07/2017;16:07:32
71;13553;32.41;22.87;22.027;1526.34;4.01;18/07/2017;16:07:33
71;13554;32.41;22.87;22.025;1526.35;4.02;18/07/2017;16:07:34
71;13555;32.41;22.88;22.025;1526.35;4.03;18/07/2017;16:07:35
71;13556;32.40;22.88;22.016;1526.36;4.02;18/07/2017;16:07:36
71;13557;32.40;22.88;22.017;1526.34;4.04;18/07/2017;16:07:37
71;13558;32.41;22.86;22.030;1526.32;4.15;18/07/2017;16:07:38
71;13559;32.42;22.86;22.037;1526.35;4.31;18/07/2017;16:07:39
71;13560;32.43;22.86;22.046;1526.34;4.36;18/07/2017;16:07:40
71;13561;32.42;22.87;22.035;1526.36;4.36;18/07/2017;16:07:41
71;13562;32.45;22.87;22.058;1526.39;4.38;18/07/2017;16:07:42
71;13563;32.45;22.87;22.060;1526.38;4.50;18/07/2017;16:07:43
71;13564;32.45;22.87;22.058;1526.40;4.62;18/07/2017;16:07:44
71;13565;32.43;22.87;22.044;1526.38;4.63;18/07/2017;16:07:45
71;13566;32.44;22.87;22.052;1526.39;4.64;18/07/2017;16:07:46
71;13567;32.45;22.88;22.057;1526.41;4.65;18/07/2017;16:07:47
71;13568;32.46;22.87;22.068;1526.41;4.71;18/07/2017;16:07:48
71;13569;32.48;22.87;22.082;1526.44;4.84;18/07/2017;16:07:49
71;13570;32.48;22.88;22.081;1526.45;4.86;18/07/2017;16:07:50
71;13571;32.48;22.88;22.081;1526.46;4.86;18/07/2017;16:07:51
71;13572;32.49;22.88;22.089;1526.46;4.86;18/07/2017;16:07:52
71;13573;32.49;22.88;22.089;1526.46;4.87;18/07/2017;16:07:53
71;13574;32.49;22.88;22.089;1526.46;4.87;18/07/2017;16:07:54
71;13575;32.51;22.88;22.104;1526.48;4.86;18/07/2017;16:07:55
71;13576;32.50;22.88;22.096;1526.47;4.87;18/07/2017;16:07:56
71;13577;32.49;22.88;22.088;1526.47;4.87;18/07/2017;16:07:57
71;13578;32.50;22.88;22.096;1526.47;4.87;18/07/2017;16:07:58
71;13579;32.50;22.87;22.098;1526.46;4.95;18/07/2017;16:07:59
71;13580;32.52;22.87;22.115;1526.47;5.04;18/07/2017;16:08:00
71;13581;32.54;22.86;22.133;1526.47;5.04;18/07/2017;16:08:01
71;13582;32.53;22.86;22.123;1526.48;5.05;18/07/2017;16:08:02
71;13583;32.54;22.87;22.130;1526.49;5.14;18/07/2017;16:08:03
71;13584;32.56;22.88;22.144;1526.53;5.13;18/07/2017;16:08:04
71;13585;32.54;22.88;22.125;1526.54;4.94;18/07/2017;16:08:05
71;13586;32.52;22.89;22.110;1526.51;5.04;18/07/2017;16:08:06
71;13587;32.56;22.88;22.141;1526.55;5.09;18/07/2017;16:08:07
71;13588;32.55;22.88;22.135;1526.53;5.17;18/07/2017;16:08:08
71;13589;32.55;22.88;22.136;1526.53;5.19;18/07/2017;16:08:09
71;13590;32.57;22.88;22.151;1526.55;5.26;18/07/2017;16:08:10
71;13591;32.58;22.88;22.159;1526.56;5.28;18/07/2017;16:08:11
71;13592;32.58;22.88;22.159;1526.55;5.29;18/07/2017;16:08:12
71;13593;32.58;22.87;22.161;1526.55;5.34;18/07/2017;16:08:13
71;13594;32.57;22.87;22.153;1526.54;5.35;18/07/2017;16:08:14
71;13595;32.57;22.87;22.152;1526.55;5.35;18/07/2017;16:08:15
71;13596;32.58;22.87;22.160;1526.55;5.34;18/07/2017;16:08:16
71;13597;32.59;22.87;22.168;1526.58;5.33;18/07/2017;16:08:17
71;13598;32.58;22.88;22.160;1526.57;5.32;18/07/2017;16:08:18
71;13599;32.57;22.88;22.152;1526.56;5.36;18/07/2017;16:08:19
71;13600;32.56;22.88;22.144;1526.54;5.39;18/07/2017;16:08:20
71;13601;32.56;22.88;22.145;1526.54;5.50;18/07/2017;16:08:21
71;13602;32.56;22.88;22.145;1526.54;5.57;18/07/2017;16:08:22
71;13603;32.60;22.88;22.176;1526.59;5.56;18/07/2017;16:08:23
71;13604;32.58;22.88;22.160;1526.57;5.56;18/07/2017;16:08:24
71;13605;32.60;22.88;22.176;1526.59;5.56;18/07/2017;16:08:25
71;13606;32.60;22.88;22.176;1526.59;5.56;18/07/2017;16:08:26
71;13607;32.57;22.88;22.153;1526.56;5.55;18/07/2017;16:08:27
71;13608;32.58;22.88;22.161;1526.56;5.56;18/07/2017;16:08:28
71;13609;32.57;22.87;22.153;1526.55;5.56;18/07/2017;16:08:29
71;13610;32.57;22.87;22.153;1526.56;5.56;18/07/2017;16:08:30
71;13611;32.57;22.88;22.153;1526.55;5.55;18/07/2017;16:08:31
71;13612;32.56;22.88;22.145;1526.55;5.55;18/07/2017;16:08:32
71;13613;32.58;22.88;22.160;1526.57;5.56;18/07/2017;16:08:33
71;13614;32.58;22.88;22.160;1526.57;5.55;18/07/2017;16:08:34
71;13615;32.59;22.88;22.168;1526.58;5.55;18/07/2017;16:08:35
71;13616;32.59;22.87;22.169;1526.58;5.56;18/07/2017;16:08:36
71;13617;32.59;22.88;22.168;1526.58;5.56;18/07/2017;16:08:37
71;13618;32.57;22.88;22.153;1526.55;5.55;18/07/2017;16:08:38
71;13619;32.57;22.88;22.153;1526.56;5.55;18/07/2017;16:08:39
71;13620;32.57;22.88;22.152;1526.56;5.54;18/07/2017;16:08:40
71;13621;32.57;22.88;22.153;1526.55;5.54;18/07/2017;16:08:41
71;13622;32.57;22.88;22.152;1526.56;5.40;18/07/2017;16:08:42
71;13623;32.57;22.88;22.151;1526.56;5.24;18/07/2017;16:08:43
71;13624;32.57;22.88;22.150;1526.55;5.21;18/07/2017;16:08:44
71;13625;32.55;22.88;22.134;1526.53;5.00;18/07/2017;16:08:45
71;13626;32.56;22.88;22.142;1526.53;4.84;18/07/2017;16:08:46
71;13627;32.56;22.88;22.142;1526.53;4.86;18/07/2017;16:08:47
71;13628;32.56;22.88;22.141;1526.55;4.75;18/07/2017;16:08:48
71;13629;32.51;22.89;22.099;1526.51;4.58;18/07/2017;16:08:49
71;13630;32.47;22.89;22.068;1526.48;4.48;18/07/2017;16:08:50
71;13631;32.49;22.89;22.083;1526.49;4.51;18/07/2017;16:08:51
71;13632;32.47;22.90;22.067;1526.48;4.40;18/07/2017;16:08:52
71;13633;32.47;22.90;22.065;1526.47;4.12;18/07/2017;16:08:53
71;13634;32.47;22.90;22.065;1526.47;4.13;18/07/2017;16:08:54
71;13635;32.45;22.90;22.049;1526.46;4.07;18/07/2017;16:08:55
71;13636;32.46;22.90;22.056;1526.47;3.93;18/07/2017;16:08:56
71;13637;32.46;22.90;22.055;1526.47;3.74;18/07/2017;16:08:57
71;13638;32.45;22.90;22.048;1526.45;3.75;18/07/2017;16:08:58
71;13639;32.46;22.90;22.055;1526.47;3.64;18/07/2017;16:08:59
71;13640;32.47;22.90;22.063;1526.46;3.57;18/07/2017;16:09:00
71;13641;32.46;22.89;22.057;1526.44;3.62;18/07/2017;16:09:01
71;13642;32.47;22.89;22.065;1526.45;3.63;18/07/2017;16:09:02
71;13643;32.47;22.89;22.063;1526.46;3.41;18/07/2017;16:09:03
71;13644;32.45;22.90;22.047;1526.44;3.40;18/07/2017;16:09:04
71;13645;32.44;22.90;22.039;1526.43;3.43;18/07/2017;16:09:05
71;13646;32.45;22.90;22.047;1526.44;3.45;18/07/2017;16:09:06
71;13647;32.46;22.90;22.055;1526.46;3.44;18/07/2017;16:09:07
71;13648;32.46;22.90;22.054;1526.45;3.36;18/07/2017;16:09:08
71;13649;32.47;22.89;22.064;1526.45;3.36;18/07/2017;16:09:09
71;13650;32.46;22.89;22.056;1526.44;3.36;18/07/2017;16:09:10
71;13651;32.45;22.89;22.047;1526.43;3.36;18/07/2017;16:09:11
71;13652;32.44;22.90;22.038;1526.44;3.36;18/07/2017;16:09:12
71;13653;32.44;22.91;22.037;1526.45;3.36;18/07/2017;16:09:13
71;13654;32.43;22.91;22.028;1526.45;3.34;18/07/2017;16:09:14
71;13655;32.41;22.91;22.013;1526.42;3.29;18/07/2017;16:09:15
71;13656;32.42;22.90;22.021;1526.43;3.30;18/07/2017;16:09:16
71;13657;32.43;22.90;22.031;1526.42;3.31;18/07/2017;16:09:17
71;13658;32.43;22.90;22.032;1526.42;3.31;18/07/2017;16:09:18
71;13659;32.44;22.89;22.039;1526.42;3.32;18/07/2017;16:09:19
71;13660;32.44;22.90;22.039;1526.43;3.29;18/07/2017;16:09:20
71;13661;32.45;22.89;22.047;1526.43;3.30;18/07/2017;16:09:21
71;13662;32.46;22.89;22.055;1526.44;3.31;18/07/2017;16:09:22
71;13663;32.46;22.90;22.054;1526.44;3.30;18/07/2017;16:09:23
71;13664;32.45;22.90;22.047;1526.43;3.31;18/07/2017;16:09:24
71;13665;32.45;22.89;22.049;1526.42;3.33;18/07/2017;16:09:25
71;13666;32.44;22.89;22.042;1526.40;3.36;18/07/2017;16:09:26
71;13667;32.43;22.89;22.032;1526.41;3.32;18/07/2017;16:09:27
71;13668;32.43;22.91;22.025;1526.46;2.99;18/07/2017;16:09:28
71;13669;32.44;22.93;22.027;1526.50;2.78;18/07/2017;16:09:29
71;13670;32.43;22.94;22.016;1526.51;2.68;18/07/2017;16:09:30
71;13671;32.40;22.94;21.991;1526.50;2.40;18/07/2017;16:09:31
71;13672;32.38;22.93;21.978;1526.44;2.17;18/07/2017;16:09:32
71;13673;32.37;22.92;21.974;1526.39;2.02;18/07/2017;16:09:33
71;13674;32.36;22.91;21.969;1526.33;1.74;18/07/2017;16:09:34
71;13675;32.35;22.89;21.964;1526.30;1.58;18/07/2017;16:09:35
71;13676;32.34;22.88;21.959;1526.24;1.31;18/07/2017;16:09:36
71;13677;32.34;22.87;21.961;1526.22;1.16;18/07/2017;16:09:37
71;13678;32.30;22.84;21.938;1526.10;0.90;18/07/2017;16:09:38
71;13679;32.29;22.81;21.939;1525.99;0.65;18/07/2017;16:09:39
71;13680;32.29;22.79;21.943;1525.95;0.51;18/07/2017;16:09:40
71;13681;32.32;22.80;21.962;1525.99;0.21;18/07/2017;16:09:41
