From file: inhambane 180717
Ser;Meas;Sal.;Temp;Density;S. vel.;Press;Date;Time;;
72;13810;32.73;22.68;22.324;1525.73;0.00;18/07/2017;17:02:53
72;13810;32.72;22.69;22.324;1525.73;0.05;18/07/2017;17:02:55
72;13810;32.70;22.73;22.324;1525.73;0.17;18/07/2017;17:02:55
72;13811;32.65;22.75;22.233;1526.16;0.14;18/07/2017;17:02:56
72;13812;32.64;22.78;22.210;1526.30;0.24;18/07/2017;17:02:57
72;13813;32.63;22.82;22.191;1526.39;0.31;18/07/2017;17:02:58
72;13814;32.61;22.82;22.175;1526.38;0.33;18/07/2017;17:02:59
72;13815;32.57;22.82;22.146;1526.33;0.35;18/07/2017;17:03:00
72;13816;32.55;22.81;22.134;1526.28;0.35;18/07/2017;17:03:01
72;13817;32.57;22.81;22.148;1526.30;0.35;18/07/2017;17:03:02
72;13818;32.57;22.81;22.149;1526.29;0.35;18/07/2017;17:03:03
72;13819;32.60;22.81;22.171;1526.33;0.35;18/07/2017;17:03:04
72;13820;32.63;22.82;22.190;1526.40;0.38;18/07/2017;17:03:05
72;13821;32.64;22.84;22.194;1526.45;0.37;18/07/2017;17:03:06
72;13822;32.63;22.84;22.185;1526.45;0.38;18/07/2017;17:03:07
72;13823;32.63;22.84;22.185;1526.44;0.38;18/07/2017;17:03:08
72;13824;32.62;22.84;22.178;1526.43;0.38;18/07/2017;17:03:09
72;13825;32.61;22.84;22.171;1526.42;0.37;18/07/2017;17:03:10
72;13826;32.61;22.83;22.172;1526.41;0.38;18/07/2017;17:03:11
72;13827;32.62;22.83;22.180;1526.42;0.39;18/07/2017;17:03:12
72;13828;32.62;22.83;22.180;1526.42;0.39;18/07/2017;17:03:13
72;13829;32.60;22.84;22.164;1526.40;0.40;18/07/2017;17:03:14
72;13830;32.61;22.82;22.176;1526.37;0.39;18/07/2017;17:03:15
72;13831;32.61;22.82;22.177;1526.36;0.39;18/07/2017;17:03:16
72;13832;32.60;22.82;22.168;1526.37;0.40;18/07/2017;17:03:17
72;13833;32.60;22.83;22.167;1526.38;0.40;18/07/2017;17:03:18
72;13834;32.61;22.83;22.174;1526.39;0.42;18/07/2017;17:03:19
72;13835;32.61;22.83;22.174;1526.40;0.43;18/07/2017;17:03:20
72;13836;32.61;22.83;22.174;1526.40;0.42;18/07/2017;17:03:21
72;13837;32.61;22.83;22.174;1526.39;0.43;18/07/2017;17:03:22
72;13838;32.61;22.83;22.174;1526.39;0.42;18/07/2017;17:03:23
72;13839;32.60;22.83;22.166;1526.39;0.44;18/07/2017;17:03:24
72;13840;32.60;22.83;22.166;1526.39;0.43;18/07/2017;17:03:25
72;13841;32.59;22.83;22.158;1526.38;0.43;18/07/2017;17:03:26
72;13842;32.62;22.84;22.180;1526.43;0.45;18/07/2017;17:03:27
72;13843;32.59;22.83;22.158;1526.38;0.44;18/07/2017;17:03:28
72;13844;32.57;22.82;22.145;1526.33;0.44;18/07/2017;17:03:29
72;13845;32.59;22.83;22.160;1526.37;0.43;18/07/2017;17:03:30
72;13846;32.60;22.83;22.167;1526.38;0.44;18/07/2017;17:03:31
72;13847;32.59;22.82;22.161;1526.36;0.45;18/07/2017;17:03:32
72;13848;32.60;22.82;22.168;1526.37;0.45;18/07/2017;17:03:33
72;13849;32.63;22.83;22.189;1526.42;0.46;18/07/2017;17:03:34
72;13850;32.60;22.83;22.166;1526.39;0.45;18/07/2017;17:03:35
72;13851;32.59;22.83;22.158;1526.38;0.45;18/07/2017;17:03:36
72;13852;32.60;22.83;22.167;1526.38;0.45;18/07/2017;17:03:37
72;13853;32.60;22.83;22.167;1526.38;0.45;18/07/2017;17:03:38
72;13854;32.60;22.83;22.167;1526.37;0.45;18/07/2017;17:03:39
72;13855;32.60;22.83;22.167;1526.38;0.45;18/07/2017;17:03:40
72;13856;32.62;22.83;22.182;1526.40;0.45;18/07/2017;17:03:41
72;13857;32.65;22.84;22.201;1526.47;0.44;18/07/2017;17:03:42
72;13858;32.64;22.84;22.194;1526.46;0.45;18/07/2017;17:03:43
72;13859;32.61;22.83;22.173;1526.41;0.45;18/07/2017;17:03:44
72;13860;32.60;22.83;22.166;1526.39;0.45;18/07/2017;17:03:45
72;13861;32.58;22.83;22.152;1526.36;0.46;18/07/2017;17:03:46
72;13862;32.61;22.83;22.174;1526.39;0.44;18/07/2017;17:03:47
72;13863;32.63;22.84;22.187;1526.44;0.44;18/07/2017;17:03:48
72;13864;32.65;22.84;22.200;1526.48;0.44;18/07/2017;17:03:49
72;13865;32.62;22.84;22.179;1526.43;0.44;18/07/2017;17:03:50
72;13866;32.64;22.84;22.194;1526.45;0.45;18/07/2017;17:03:51
72;13867;32.61;22.84;22.172;1526.41;0.45;18/07/2017;17:03:52
72;13868;32.59;22.83;22.159;1526.38;0.44;18/07/2017;17:03:53
72;13869;32.59;22.83;22.159;1526.38;0.45;18/07/2017;17:03:54
72;13870;32.60;22.83;22.166;1526.38;0.46;18/07/2017;17:03:55
72;13871;32.61;22.83;22.174;1526.39;0.46;18/07/2017;17:03:56
72;13872;32.60;22.83;22.166;1526.39;0.45;18/07/2017;17:03:57
72;13873;32.63;22.83;22.189;1526.42;0.45;18/07/2017;17:03:58
72;13874;32.63;22.84;22.187;1526.44;0.47;18/07/2017;17:03:59
72;13875;32.64;22.84;22.193;1526.46;0.47;18/07/2017;17:04:00
72;13876;32.66;22.84;22.208;1526.49;0.47;18/07/2017;17:04:01
72;13877;32.68;22.85;22.221;1526.53;0.47;18/07/2017;17:04:02
72;13878;32.67;22.85;22.214;1526.52;0.47;18/07/2017;17:04:03
72;13879;32.65;22.85;22.198;1526.49;0.47;18/07/2017;17:04:04
72;13880;32.63;22.85;22.185;1526.46;0.47;18/07/2017;17:04:05
72;13881;32.63;22.84;22.186;1526.44;0.46;18/07/2017;17:04:06
72;13882;32.64;22.84;22.194;1526.46;0.47;18/07/2017;17:04:07
72;13883;32.65;22.84;22.201;1526.47;0.48;18/07/2017;17:04:08
72;13884;32.68;22.85;22.221;1526.53;0.47;18/07/2017;17:04:09
72;13885;32.67;22.85;22.213;1526.53;0.47;18/07/2017;17:04:10
72;13886;32.69;22.86;22.227;1526.55;0.48;18/07/2017;17:04:11
72;13887;32.68;22.86;22.220;1526.55;0.61;18/07/2017;17:04:12
72;13888;32.67;22.85;22.215;1526.53;0.76;18/07/2017;17:04:13
72;13889;32.67;22.85;22.215;1526.52;0.84;18/07/2017;17:04:14
72;13890;32.70;22.85;22.238;1526.56;1.01;18/07/2017;17:04:15
72;13891;32.72;22.86;22.252;1526.61;1.16;18/07/2017;17:04:16
72;13892;32.72;22.86;22.252;1526.61;1.30;18/07/2017;17:04:17
72;13893;32.75;22.87;22.274;1526.66;1.52;18/07/2017;17:04:18
72;13894;32.78;22.88;22.295;1526.72;1.60;18/07/2017;17:04:19
72;13895;32.80;22.88;22.310;1526.74;1.78;18/07/2017;17:04:20
72;13896;32.77;22.88;22.287;1526.73;1.97;18/07/2017;17:04:21
72;13897;32.77;22.88;22.287;1526.73;2.04;18/07/2017;17:04:22
72;13898;32.75;22.88;22.274;1526.70;2.16;18/07/2017;17:04:23
72;13899;32.75;22.88;22.275;1526.70;2.40;18/07/2017;17:04:24
72;13900;32.77;22.88;22.290;1526.74;2.60;18/07/2017;17:04:25
72;13901;32.83;22.89;22.335;1526.81;2.67;18/07/2017;17:04:26
72;13902;32.80;22.89;22.312;1526.79;2.85;18/07/2017;17:04:27
72;13903;32.82;22.90;22.325;1526.83;2.94;18/07/2017;17:04:28
72;13904;32.81;22.90;22.317;1526.84;3.02;18/07/2017;17:04:29
72;13905;32.81;22.90;22.319;1526.83;3.14;18/07/2017;17:04:30
72;13906;32.83;22.90;22.335;1526.85;3.32;18/07/2017;17:04:31
72;13907;32.85;22.90;22.349;1526.88;3.40;18/07/2017;17:04:32
72;13908;32.87;22.90;22.366;1526.90;3.58;18/07/2017;17:04:33
72;13909;32.87;22.90;22.366;1526.91;3.83;18/07/2017;17:04:34
72;13910;32.88;22.90;22.373;1526.93;3.90;18/07/2017;17:04:35
72;13911;32.88;22.90;22.374;1526.93;4.02;18/07/2017;17:04:36
72;13912;32.88;22.90;22.374;1526.94;4.23;18/07/2017;17:04:37
72;13913;32.90;22.91;22.388;1526.98;4.26;18/07/2017;17:04:38
72;13914;32.89;22.91;22.380;1526.97;4.37;18/07/2017;17:04:39
72;13915;32.91;22.90;22.398;1526.98;4.47;18/07/2017;17:04:40
72;13916;32.90;22.91;22.390;1526.98;4.59;18/07/2017;17:04:41
72;13917;32.90;22.91;22.390;1526.98;4.71;18/07/2017;17:04:42
72;13918;32.90;22.91;22.390;1526.99;4.87;18/07/2017;17:04:43
72;13919;32.89;22.91;22.382;1526.98;4.83;18/07/2017;17:04:44
72;13920;32.92;22.91;22.404;1527.02;4.88;18/07/2017;17:04:45
72;13921;32.90;22.91;22.391;1527.01;5.13;18/07/2017;17:04:46
72;13922;32.91;22.91;22.399;1527.01;5.21;18/07/2017;17:04:47
72;13923;32.92;22.91;22.407;1527.02;5.34;18/07/2017;17:04:48
72;13924;32.92;22.92;22.406;1527.04;5.38;18/07/2017;17:04:49
72;13925;32.92;22.92;22.406;1527.04;5.38;18/07/2017;17:04:50
72;13926;32.91;22.92;22.398;1527.03;5.39;18/07/2017;17:04:51
72;13927;32.91;22.92;22.399;1527.02;5.39;18/07/2017;17:04:52
72;13928;32.92;22.92;22.406;1527.04;5.38;18/07/2017;17:04:53
72;13929;32.92;22.92;22.406;1527.04;5.38;18/07/2017;17:04:54
72;13930;32.92;22.91;22.407;1527.03;5.35;18/07/2017;17:04:55
72;13931;32.91;22.91;22.399;1527.02;5.36;18/07/2017;17:04:56
72;13932;32.91;22.91;22.399;1527.02;5.37;18/07/2017;17:04:57
72;13933;32.90;22.91;22.391;1527.01;5.25;18/07/2017;17:04:58
72;13934;32.90;22.91;22.391;1527.00;5.17;18/07/2017;17:04:59
72;13935;32.86;22.91;22.361;1526.94;4.99;18/07/2017;17:05:00
72;13936;32.86;22.91;22.360;1526.94;4.79;18/07/2017;17:05:01
72;13937;32.89;22.91;22.382;1526.97;4.71;18/07/2017;17:05:02
72;13938;32.86;22.90;22.361;1526.93;4.58;18/07/2017;17:05:03
72;13939;32.87;22.91;22.366;1526.94;4.36;18/07/2017;17:05:04
72;13940;32.89;22.91;22.379;1526.98;4.18;18/07/2017;17:05:05
72;13941;32.89;22.91;22.378;1526.98;4.08;18/07/2017;17:05:06
72;13942;32.89;22.91;22.378;1526.98;4.00;18/07/2017;17:05:07
72;13943;32.89;22.91;22.378;1526.96;3.81;18/07/2017;17:05:08
72;13944;32.87;22.91;22.363;1526.93;3.66;18/07/2017;17:05:09
72;13945;32.86;22.91;22.356;1526.91;3.64;18/07/2017;17:05:10
72;13946;32.85;22.90;22.349;1526.90;3.61;18/07/2017;17:05:11
72;13947;32.83;22.90;22.334;1526.87;3.50;18/07/2017;17:05:12
72;13948;32.82;22.90;22.327;1526.84;3.26;18/07/2017;17:05:13
72;13949;32.83;22.90;22.333;1526.85;3.13;18/07/2017;17:05:14
72;13950;32.83;22.90;22.333;1526.86;3.06;18/07/2017;17:05:15
72;13951;32.80;22.89;22.311;1526.79;2.84;18/07/2017;17:05:16
72;13952;32.80;22.88;22.312;1526.78;2.63;18/07/2017;17:05:17
72;13953;32.81;22.89;22.318;1526.80;2.57;18/07/2017;17:05:18
72;13954;32.82;22.89;22.325;1526.81;2.44;18/07/2017;17:05:19
72;13955;32.84;22.89;22.338;1526.84;2.19;18/07/2017;17:05:20
72;13956;32.78;22.89;22.294;1526.76;2.15;18/07/2017;17:05:21
72;13957;32.73;22.86;22.262;1526.65;2.05;18/07/2017;17:05:22
72;13958;32.69;22.86;22.233;1526.57;1.84;18/07/2017;17:05:23
72;13959;32.65;22.85;22.204;1526.51;1.67;18/07/2017;17:05:24
72;13960;32.65;22.84;22.205;1526.50;1.53;18/07/2017;17:05:25
72;13961;32.66;22.85;22.211;1526.51;1.33;18/07/2017;17:05:26
72;13962;32.66;22.85;22.210;1526.50;1.17;18/07/2017;17:05:27
72;13963;32.68;22.85;22.225;1526.52;1.04;18/07/2017;17:05:28
72;13964;32.65;22.84;22.204;1526.46;0.82;18/07/2017;17:05:29
72;13965;32.67;22.84;22.216;1526.49;0.65;18/07/2017;17:05:30
72;13966;32.65;22.84;22.201;1526.48;0.53;18/07/2017;17:05:31
72;13967;32.63;22.84;22.186;1526.43;0.25;18/07/2017;17:05:32
72;13968;32.62;22.84;22.177;1526.43;0.13;18/07/2017;17:05:33
